[navbar1.jpg]
filters=finetune2=1,0.222222,0.000000,0.300351,00000000,0.228070;Soften=1,100.000000,50.000000;finetune2=1,0.216374,0.000000,0.000000,00000000,0.941520;
moddate=1d9ec28704d0d001
width=3840
height=260
textactive=0
